[gd_scene format=3 uid="uid://cmvs2j7mldfnf"]

[ext_resource type="Script" uid="uid://p010a7y388t2" path="res://worldAssets/WorldSpaces/Forset_Level/main_world.gd" id="1_3r06u"]
[ext_resource type="Material" uid="uid://bra6ug2wjmj0j" path="res://worldAssets/grass/src/materials/grass_01/grass_ground_01.tres" id="1_swhhd"]
[ext_resource type="Script" uid="uid://dhkvcb11lumvg" path="res://worldAssets/WorldSpaces/Forset_Level/ground.gd" id="2_3kala"]
[ext_resource type="PackedScene" uid="uid://cx6djhr3cljtj" path="res://playerAssets/player_view_model.tscn" id="3_tbems"]
[ext_resource type="PackedScene" uid="uid://iuic20mq0k8u" path="res://worldAssets/interaction_points/Item_Pickup.tscn" id="6_3kala"]
[ext_resource type="Script" uid="uid://bml7hv1twhwpv" path="res://worldAssets/WorldSpaces/Forset_Level/timer.gd" id="7_3kala"]
[ext_resource type="PackedScene" uid="uid://ulu3elc8iyd0" path="res://Objects/Items/Key/key.tscn" id="7_bk25w"]
[ext_resource type="PackedScene" uid="uid://bprx3w3vwsvla" path="res://Objects/Items/Flashlights/flash_light.tscn" id="7_tbems"]
[ext_resource type="Script" uid="uid://de18oqn5pa77d" path="res://Dev_Tools/CAIP/caip.gd" id="10_pb7lo"]
[ext_resource type="Script" uid="uid://b10rxjhdqr5wx" path="res://Dev_Tools/CAIP/BuildConfig.gd" id="11_iw8dy"]
[ext_resource type="PackedScene" uid="uid://hvj1r5jxfc87" path="res://worldAssets/treees/Tree_1/tree.tscn" id="11_sl3aq"]

[sub_resource type="PlaneMesh" id="PlaneMesh_mqh1b"]
size = Vector2(1000, 1000)
subdivide_width = 10
subdivide_depth = 10

[sub_resource type="ProceduralSkyMaterial" id="ProceduralSkyMaterial_swhhd"]
sky_horizon_color = Color(0.66224277, 0.6717428, 0.6867428, 1)
ground_horizon_color = Color(0.66224277, 0.6717428, 0.6867428, 1)

[sub_resource type="Sky" id="Sky_185nt"]
sky_material = SubResource("ProceduralSkyMaterial_swhhd")

[sub_resource type="Environment" id="Environment_3kala"]
background_energy_multiplier = 0.0
sky = SubResource("Sky_185nt")
ambient_light_source = 1
ambient_light_energy = 10.69
fog_light_energy = 0.0
volumetric_fog_density = 0.8462
volumetric_fog_albedo = Color(0, 0, 0, 1)
volumetric_fog_emission_energy = 0.0
volumetric_fog_gi_inject = 0.23
volumetric_fog_length = 1024.0
adjustment_enabled = true

[sub_resource type="Resource" id="Resource_sl3aq"]
script = ExtResource("11_iw8dy")
name = "Tree"
object = ExtResource("11_sl3aq")
offset_random = 50
metadata/_custom_type_script = "uid://b10rxjhdqr5wx"

[sub_resource type="NavigationMesh" id="NavigationMesh_sl3aq"]
geometry_source_geometry_mode = 1

[sub_resource type="ConcavePolygonShape3D" id="ConcavePolygonShape3D_iw8dy"]
data = PackedVector3Array(-19.5, -5, -17.5, -15, -5, 15, -15, -5, -15, -19.5, -5, -17.5, -19.5, 5, -17.5, -19.5, -5, 17.5, -19.5, -5, -17.5, -15, -5, -15, 19.5, -5, -17.5, -19.5, -5, -17.5, 19.5, -5, -17.5, -19.5, 5, -17.5, -19.5, -5, -17.5, -19.5, -5, 17.5, -15, -5, 15, -19.5, -5, 17.5, 19.5, -5, 17.5, -15, -5, 15, -19.5, 5, -17.5, -15, 5, -15, -19.5, 5, 17.5, -19.5, 5, -17.5, 16, 5, -15, -15, 5, -15, -19.5, -5, 17.5, -19.5, 5, -17.5, -19.5, 5, 17.5, -19.5, 5, 17.5, -15, 5, -15, -15, 5, 15, -19.5, -5, 17.5, -19.5, 5, 17.5, 19.5, 5, 17.5, -19.5, 5, 17.5, -15, 5, 15, 19.5, 5, 17.5, 19.5, -5, -17.5, -15, -5, -15, 16, -5, -15, 19.5, -5, -17.5, 16, -5, -15, 19.5, -5, 17.5, 19.5, -5, 17.5, 16, -5, 15, -15, -5, 15, -19.5, -5, 17.5, 19.5, 5, 17.5, 19.5, -5, 17.5, 19.5, -5, 17.5, 16, -5, -15, 16, -5, 15, 19.5, -5, -17.5, 19.5, -5, 17.5, 19.5, 5, 17.5, -19.5, 5, -17.5, 19.5, -5, -17.5, 19.5, 5, -17.5, -19.5, 5, -17.5, 19.5, 5, -17.5, 16, 5, -15, 19.5, -5, -17.5, 19.5, 5, 17.5, 19.5, 5, -17.5, 19.5, 5, -17.5, 16, 5, 15, 16, 5, -15, 19.5, 5, 17.5, -15, 5, 15, 16, 5, 15, 19.5, 5, -17.5, 19.5, 5, 17.5, 16, 5, 15, -15, -5, 15, -15, 5, -15, -15, -5, -15, -15, 5, 15, -15, -5, 15, 16, -5, 15, 16, 5, -15, -15, -5, -15, -15, 5, -15, -15, 5, -15, -15, -5, 15, -15, 5, 15, 16, -5, -15, -15, -5, -15, 16, 5, -15, 16, -5, -15, 16, 5, 15, 16, -5, 15, 16, -5, -15, 16, 5, -15, 16, 5, 15, -15, 5, 15, 16, -5, 15, 16, 5, 15)

[node name="mainWorld" type="Node3D" unique_id=234071416]
script = ExtResource("1_3r06u")
starting_tool = ExtResource("7_tbems")

[node name="referencePoint" type="Node3D" parent="." unique_id=1397863416]

[node name="grassContair" type="Node3D" parent="." unique_id=574363932]
transform = Transform3D(1, 0, 0, 0, 1, 0, 0, 0, 1, 0, 0, -446.08002)

[node name="wendigoContainer" type="Node3D" parent="." unique_id=1497540679]
transform = Transform3D(1, 0, 0, 0, 1, 0, 0, 0, 1, 0, 0, -446.08002)

[node name="Ground" type="MeshInstance3D" parent="." unique_id=1784751366]
material_override = ExtResource("1_swhhd")
mesh = SubResource("PlaneMesh_mqh1b")
script = ExtResource("2_3kala")

[node name="CSGBox3D" type="CSGBox3D" parent="Ground" unique_id=900856087 groups=["navigation_mesh_source_group"]]
transform = Transform3D(50, 0, 0, 0, 1, 0, 0, 0, 50, 9, -0.517, 0)
use_collision = true
size = Vector3(20.001183, 1, 20.000923)

[node name="Player" parent="." unique_id=827342177 instance=ExtResource("3_tbems")]
transform = Transform3D(1, 0, 0, 0, 1, 0, 0, 0, 1, 1.5027115, 2.3987594, 97.062195)

[node name="key" parent="." unique_id=1339377948 instance=ExtResource("6_3kala")]
transform = Transform3D(1, 0, 0, 0, 1, 0, 0, 0, 1, 0.30571365, 1.3727703, -4.1804447)
type_of_item = 1
real_item = ExtResource("7_bk25w")

[node name="key2" parent="." unique_id=861999061 instance=ExtResource("6_3kala")]
transform = Transform3D(1, 0, 0, 0, 1, 0, 0, 0, 1, 3.3057137, 0.9265425, -4.1804447)
type_of_item = 1
real_item = ExtResource("7_bk25w")

[node name="key3" parent="." unique_id=1110244672 instance=ExtResource("6_3kala")]
transform = Transform3D(1, 0, 0, 0, 1, 0, 0, 0, 1, 7.3057137, 0.4301877, -4.1804447)
type_of_item = 1
real_item = ExtResource("7_bk25w")

[node name="SpotLight3D" type="SpotLight3D" parent="." unique_id=159762498]
transform = Transform3D(1, 0, 0, 0, 0.4372413, 0.8993442, 0, -0.8993442, 0.4372413, 0, 4.581883, 2.548546)
spot_range = 50.397

[node name="WorldEnvironment" type="WorldEnvironment" parent="." unique_id=1932304844]
environment = SubResource("Environment_3kala")

[node name="wendigoSpawner" type="Timer" parent="." unique_id=208686425]
wait_time = 7.0
autostart = true
script = ExtResource("7_3kala")

[node name="CAIP" type="Node3D" parent="." unique_id=150396291]
script = ExtResource("10_pb7lo")
Objects = Array[ExtResource("11_iw8dy")]([SubResource("Resource_sl3aq")])
size_x = 150
size_z = 150
gen_steps = 5
metadata/_custom_type_script = "uid://de18oqn5pa77d"

[node name="TREE" parent="CAIP" unique_id=1250169194 instance=ExtResource("11_sl3aq")]
transform = Transform3D(0.8571673, 0, 0.5150381, 0, 1, 0, -0.5150381, 0, 0.8571673, -36, 0, -54)

[node name="@Node3D@30637" parent="CAIP" unique_id=1650677400 instance=ExtResource("11_sl3aq")]
transform = Transform3D(0.83867055, 0, 0.54463905, 0, 1, 0, -0.54463905, 0, 0.83867055, -42, 0, -24)

[node name="@Node3D@30638" parent="CAIP" unique_id=1383418613 instance=ExtResource("11_sl3aq")]
transform = Transform3D(-0.80901706, 0, 0.5877852, 0, 1, 0, -0.5877852, 0, -0.80901706, -34, 0, -57)

[node name="@Node3D@30639" parent="CAIP" unique_id=536734201 instance=ExtResource("11_sl3aq")]
transform = Transform3D(-0.61566144, 0, 0.7880108, 0, 1, 0, -0.7880108, 0, -0.61566144, -60, 0, -54)

[node name="@Node3D@30640" parent="CAIP" unique_id=1093930933 instance=ExtResource("11_sl3aq")]
transform = Transform3D(0.9975641, 0, 0.06975647, 0, 1, 0, -0.06975647, 0, 0.9975641, -53, 0, -46)

[node name="@Node3D@30641" parent="CAIP" unique_id=1880256084 instance=ExtResource("11_sl3aq")]
transform = Transform3D(0.8746197, 0, 0.4848096, 0, 1, 0, -0.4848096, 0, 0.8746197, -30, 0, -9)

[node name="@Node3D@30642" parent="CAIP" unique_id=607991722 instance=ExtResource("11_sl3aq")]
transform = Transform3D(-0.83867055, 0, 0.54463905, 0, 1, 0, -0.54463905, 0, -0.83867055, -53, 0, -33)

[node name="@Node3D@30643" parent="CAIP" unique_id=818407794 instance=ExtResource("11_sl3aq")]
transform = Transform3D(0.5150381, 0, 0.8571673, 0, 1, 0, -0.8571673, 0, 0.5150381, -61, 0, 2)

[node name="@Node3D@30644" parent="CAIP" unique_id=1153405720 instance=ExtResource("11_sl3aq")]
transform = Transform3D(-0.10452851, 0, 0.9945219, 0, 1, 0, -0.9945219, 0, -0.10452851, -59, 0, 8)

[node name="@Node3D@30645" parent="CAIP" unique_id=898796507 instance=ExtResource("11_sl3aq")]
transform = Transform3D(-0.34202012, 0, 0.9396926, 0, 1, 0, -0.9396926, 0, -0.34202012, -43, 0, -28)

[node name="@Node3D@30646" parent="CAIP" unique_id=242383656 instance=ExtResource("11_sl3aq")]
transform = Transform3D(0.64278764, 0, 0.76604444, 0, 1, 0, -0.76604444, 0, 0.64278764, -59, 0, 16)

[node name="@Node3D@30647" parent="CAIP" unique_id=1403734359 instance=ExtResource("11_sl3aq")]
transform = Transform3D(-0.89100647, 0, 0.45399058, 0, 1, 0, -0.45399058, 0, -0.89100647, -36, 0, 22)

[node name="@Node3D@30648" parent="CAIP" unique_id=326620309 instance=ExtResource("11_sl3aq")]
transform = Transform3D(0.19080906, 0, 0.98162717, 0, 1, 0, -0.98162717, 0, 0.19080906, -45, 0, 21)

[node name="@Node3D@30649" parent="CAIP" unique_id=1647219381 instance=ExtResource("11_sl3aq")]
transform = Transform3D(-0.43837112, 0, 0.89879405, 0, 1, 0, -0.89879405, 0, -0.43837112, -60, 0, 23)

[node name="@Node3D@30650" parent="CAIP" unique_id=1961307240 instance=ExtResource("11_sl3aq")]
transform = Transform3D(-0.6819983, 0, 0.7313537, 0, 1, 0, -0.7313537, 0, -0.6819983, -32, 0, 11)

[node name="@Node3D@30651" parent="CAIP" unique_id=638081951 instance=ExtResource("11_sl3aq")]
transform = Transform3D(-0.42261833, 0, 0.90630776, 0, 1, 0, -0.90630776, 0, -0.42261833, -64, 0, 12)

[node name="@Node3D@30652" parent="CAIP" unique_id=1326812881 instance=ExtResource("11_sl3aq")]
transform = Transform3D(-0.7193397, 0, 0.69465846, 0, 1, 0, -0.69465846, 0, -0.7193397, -66, 0, 48)

[node name="@Node3D@30653" parent="CAIP" unique_id=275488759 instance=ExtResource("11_sl3aq")]
transform = Transform3D(-0.9612617, 0, 0.27563736, 0, 1, 0, -0.27563736, 0, -0.9612617, -73, 0, 53)

[node name="@Node3D@30654" parent="CAIP" unique_id=917797226 instance=ExtResource("11_sl3aq")]
transform = Transform3D(-0.017452352, 0, 0.9998477, 0, 1, 0, -0.9998477, 0, -0.017452352, -52, 0, 28)

[node name="@Node3D@30655" parent="CAIP" unique_id=1844028872 instance=ExtResource("11_sl3aq")]
transform = Transform3D(0.89879405, 0, 0.43837115, 0, 1, 0, -0.43837115, 0, 0.89879405, -67, 0, 21)

[node name="@Node3D@30656" parent="CAIP" unique_id=1936722709 instance=ExtResource("11_sl3aq")]
transform = Transform3D(-0.27563736, 0, 0.9612617, 0, 1, 0, -0.9612617, 0, -0.27563736, -74, 0, 64)

[node name="@Node3D@30657" parent="CAIP" unique_id=1953488111 instance=ExtResource("11_sl3aq")]
transform = Transform3D(0.37460664, 0, 0.92718387, 0, 1, 0, -0.92718387, 0, 0.37460664, -44, 0, 58)

[node name="@Node3D@30658" parent="CAIP" unique_id=1854087228 instance=ExtResource("11_sl3aq")]
transform = Transform3D(0.121869326, 0, 0.99254614, 0, 1, 0, -0.99254614, 0, 0.121869326, -40, 0, 70)

[node name="@Node3D@30659" parent="CAIP" unique_id=511321608 instance=ExtResource("11_sl3aq")]
transform = Transform3D(-0.15643445, 0, 0.98768836, 0, 1, 0, -0.98768836, 0, -0.15643445, -45, 0, 55)

[node name="@Node3D@30660" parent="CAIP" unique_id=845674434 instance=ExtResource("11_sl3aq")]
transform = Transform3D(-0.42261833, 0, 0.90630776, 0, 1, 0, -0.90630776, 0, -0.42261833, -25, 0, 68)

[node name="@Node3D@30661" parent="CAIP" unique_id=1301691745 instance=ExtResource("11_sl3aq")]
transform = Transform3D(0.95105654, 0, 0.309017, 0, 1, 0, -0.309017, 0, 0.95105654, -71, 0, 67)

[node name="@Node3D@30662" parent="CAIP" unique_id=1558711580 instance=ExtResource("11_sl3aq")]
transform = Transform3D(0.4067366, 0, 0.9135455, 0, 1, 0, -0.9135455, 0, 0.4067366, -72, 0, 62)

[node name="@Node3D@30663" parent="CAIP" unique_id=288789160 instance=ExtResource("11_sl3aq")]
transform = Transform3D(-0.27563736, 0, 0.9612617, 0, 1, 0, -0.9612617, 0, -0.27563736, -40, 0, 70)

[node name="@Node3D@30664" parent="CAIP" unique_id=613287664 instance=ExtResource("11_sl3aq")]
transform = Transform3D(-0.5299193, 0, 0.84804803, 0, 1, 0, -0.84804803, 0, -0.5299193, -54, 0, 91)

[node name="@Node3D@30665" parent="CAIP" unique_id=270473497 instance=ExtResource("11_sl3aq")]
transform = Transform3D(-0.1736482, 0, 0.9848077, 0, 1, 0, -0.9848077, 0, -0.1736482, -35, 0, 85)

[node name="@Node3D@30666" parent="CAIP" unique_id=1355089574 instance=ExtResource("11_sl3aq")]
transform = Transform3D(0.9961947, 0, 0.08715574, 0, 1, 0, -0.08715574, 0, 0.9961947, -30, 0, -58)

[node name="@Node3D@30667" parent="CAIP" unique_id=1729143831 instance=ExtResource("11_sl3aq")]
transform = Transform3D(-0.10452851, 0, 0.9945219, 0, 1, 0, -0.9945219, 0, -0.10452851, -31, 0, -67)

[node name="@Node3D@30668" parent="CAIP" unique_id=996295161 instance=ExtResource("11_sl3aq")]
transform = Transform3D(0.42261824, 0, 0.9063078, 0, 1, 0, -0.9063078, 0, 0.42261824, -28, 0, -51)

[node name="@Node3D@30669" parent="CAIP" unique_id=1847498492 instance=ExtResource("11_sl3aq")]
transform = Transform3D(0.97437006, 0, 0.22495104, 0, 1, 0, -0.22495104, 0, 0.97437006, -58, 0, -55)

[node name="@Node3D@30670" parent="CAIP" unique_id=867108453 instance=ExtResource("11_sl3aq")]
transform = Transform3D(-0.76604444, 0, 0.64278764, 0, 1, 0, -0.64278764, 0, -0.76604444, -32, 0, -19)

[node name="@Node3D@30671" parent="CAIP" unique_id=957500858 instance=ExtResource("11_sl3aq")]
transform = Transform3D(0.66913056, 0, 0.74314487, 0, 1, 0, -0.74314487, 0, 0.66913056, -60, 0, 0)

[node name="@Node3D@30672" parent="CAIP" unique_id=646670843 instance=ExtResource("11_sl3aq")]
transform = Transform3D(0.5877853, 0, 0.809017, 0, 1, 0, -0.809017, 0, 0.5877853, -46, 0, -24)

[node name="@Node3D@30673" parent="CAIP" unique_id=1728702198 instance=ExtResource("11_sl3aq")]
transform = Transform3D(-0.70710677, 0, 0.70710677, 0, 1, 0, -0.70710677, 0, -0.70710677, -46, 0, -17)

[node name="@Node3D@30674" parent="CAIP" unique_id=1344729080 instance=ExtResource("11_sl3aq")]
transform = Transform3D(0.052335974, 0, 0.9986295, 0, 1, 0, -0.9986295, 0, 0.052335974, -27, 0, 10)

[node name="@Node3D@30675" parent="CAIP" unique_id=1744856367 instance=ExtResource("11_sl3aq")]
transform = Transform3D(0.43837115, 0, 0.89879405, 0, 1, 0, -0.89879405, 0, 0.43837115, -50, 0, -15)

[node name="@Node3D@30676" parent="CAIP" unique_id=1842185543 instance=ExtResource("11_sl3aq")]
transform = Transform3D(-0.70710677, 0, 0.70710677, 0, 1, 0, -0.70710677, 0, -0.70710677, -63, 0, -24)

[node name="@Node3D@30677" parent="CAIP" unique_id=1014376674 instance=ExtResource("11_sl3aq")]
transform = Transform3D(0.45399052, 0, 0.8910065, 0, 1, 0, -0.8910065, 0, 0.45399052, -57, 0, 16)

[node name="@Node3D@30678" parent="CAIP" unique_id=1517109672 instance=ExtResource("11_sl3aq")]
transform = Transform3D(0.9848077, 0, 0.17364818, 0, 1, 0, -0.17364818, 0, 0.9848077, -55, 0, 26)

[node name="@Node3D@30679" parent="CAIP" unique_id=612033610 instance=ExtResource("11_sl3aq")]
transform = Transform3D(-0.99939084, 0, 0.03489945, 0, 1, 0, -0.03489945, 0, -0.99939084, -45, 0, 22)

[node name="@Node3D@30680" parent="CAIP" unique_id=472142002 instance=ExtResource("11_sl3aq")]
transform = Transform3D(0.34202015, 0, 0.9396926, 0, 1, 0, -0.9396926, 0, 0.34202015, -37, 0, 22)

[node name="@Node3D@30681" parent="CAIP" unique_id=80573777 instance=ExtResource("11_sl3aq")]
transform = Transform3D(0.98162717, 0, 0.190809, 0, 1, 0, -0.190809, 0, 0.98162717, -48, 0, 6)

[node name="@Node3D@30682" parent="CAIP" unique_id=159356038 instance=ExtResource("11_sl3aq")]
transform = Transform3D(-0.25881904, 0, 0.9659258, 0, 1, 0, -0.9659258, 0, -0.25881904, -43, 0, 30)

[node name="@Node3D@30683" parent="CAIP" unique_id=1894678982 instance=ExtResource("11_sl3aq")]
transform = Transform3D(0.22495104, 0, 0.97437006, 0, 1, 0, -0.97437006, 0, 0.22495104, -41, 0, 34)

[node name="@Node3D@30684" parent="CAIP" unique_id=891467336 instance=ExtResource("11_sl3aq")]
transform = Transform3D(-0.9945219, 0, 0.104528494, 0, 1, 0, -0.104528494, 0, -0.9945219, -63, 0, 16)

[node name="@Node3D@30685" parent="CAIP" unique_id=814739668 instance=ExtResource("11_sl3aq")]
transform = Transform3D(0.83867055, 0, 0.54463905, 0, 1, 0, -0.54463905, 0, 0.83867055, -67, 0, 46)

[node name="@Node3D@30686" parent="CAIP" unique_id=1050120020 instance=ExtResource("11_sl3aq")]
transform = Transform3D(0.30901697, 0, 0.95105654, 0, 1, 0, -0.95105654, 0, 0.30901697, -52, 0, 65)

[node name="@Node3D@30687" parent="CAIP" unique_id=1963162486 instance=ExtResource("11_sl3aq")]
transform = Transform3D(-0.80901706, 0, 0.5877852, 0, 1, 0, -0.5877852, 0, -0.80901706, -52, 0, 73)

[node name="@Node3D@30688" parent="CAIP" unique_id=1071442575 instance=ExtResource("11_sl3aq")]
transform = Transform3D(-0.6691307, 0, 0.7431448, 0, 1, 0, -0.7431448, 0, -0.6691307, -66, 0, 56)

[node name="@Node3D@30689" parent="CAIP" unique_id=350703535 instance=ExtResource("11_sl3aq")]
transform = Transform3D(-0.84804803, 0, 0.5299193, 0, 1, 0, -0.5299193, 0, -0.84804803, -25, 0, 74)

[node name="@Node3D@30690" parent="CAIP" unique_id=2064544011 instance=ExtResource("11_sl3aq")]
transform = Transform3D(0.30901697, 0, 0.95105654, 0, 1, 0, -0.95105654, 0, 0.30901697, -56, 0, 65)

[node name="@Node3D@30691" parent="CAIP" unique_id=655580562 instance=ExtResource("11_sl3aq")]
transform = Transform3D(-0.50000006, 0, 0.8660254, 0, 1, 0, -0.8660254, 0, -0.50000006, -67, 0, 72)

[node name="@Node3D@30692" parent="CAIP" unique_id=246239148 instance=ExtResource("11_sl3aq")]
transform = Transform3D(-0.42261833, 0, 0.90630776, 0, 1, 0, -0.90630776, 0, -0.42261833, -43, 0, 82)

[node name="@Node3D@30693" parent="CAIP" unique_id=1675440000 instance=ExtResource("11_sl3aq")]
transform = Transform3D(0.121869326, 0, 0.99254614, 0, 1, 0, -0.99254614, 0, 0.121869326, -32, 0, 91)

[node name="@Node3D@30694" parent="CAIP" unique_id=1764420914 instance=ExtResource("11_sl3aq")]
transform = Transform3D(-0.9135455, 0, 0.40673658, 0, 1, 0, -0.40673658, 0, -0.9135455, -48, 0, 102)

[node name="@Node3D@30695" parent="CAIP" unique_id=1227286195 instance=ExtResource("11_sl3aq")]
transform = Transform3D(-0.1736482, 0, 0.9848077, 0, 1, 0, -0.9848077, 0, -0.1736482, -35, 0, 80)

[node name="@Node3D@30696" parent="CAIP" unique_id=716335326 instance=ExtResource("11_sl3aq")]
transform = Transform3D(-0.25881904, 0, 0.9659258, 0, 1, 0, -0.9659258, 0, -0.25881904, -53, 0, -58)

[node name="@Node3D@30697" parent="CAIP" unique_id=2090137412 instance=ExtResource("11_sl3aq")]
transform = Transform3D(0.8290376, 0, 0.5591929, 0, 1, 0, -0.5591929, 0, 0.8290376, -25, 0, -44)

[node name="@Node3D@30698" parent="CAIP" unique_id=283992299 instance=ExtResource("11_sl3aq")]
transform = Transform3D(0.2419219, 0, 0.9702957, 0, 1, 0, -0.9702957, 0, 0.2419219, -46, 0, -45)

[node name="@Node3D@30699" parent="CAIP" unique_id=1902995019 instance=ExtResource("11_sl3aq")]
transform = Transform3D(-0.39073116, 0, 0.92050487, 0, 1, 0, -0.92050487, 0, -0.39073116, -38, 0, -39)

[node name="@Node3D@30700" parent="CAIP" unique_id=823126028 instance=ExtResource("11_sl3aq")]
transform = Transform3D(0.25881907, 0, 0.9659258, 0, 1, 0, -0.9659258, 0, 0.25881907, -19, 0, -50)

[node name="@Node3D@30701" parent="CAIP" unique_id=1673884563 instance=ExtResource("11_sl3aq")]
transform = Transform3D(-0.55919284, 0, 0.8290376, 0, 1, 0, -0.8290376, 0, -0.55919284, -17, 0, -42)

[node name="@Node3D@30702" parent="CAIP" unique_id=552331327 instance=ExtResource("11_sl3aq")]
transform = Transform3D(0.88294756, 0, 0.46947157, 0, 1, 0, -0.46947157, 0, 0.88294756, -62, 0, -4)

[node name="@Node3D@30703" parent="CAIP" unique_id=1493090821 instance=ExtResource("11_sl3aq")]
transform = Transform3D(0.9961947, 0, 0.08715574, 0, 1, 0, -0.08715574, 0, 0.9961947, -50, 0, 2)

[node name="@Node3D@30704" parent="CAIP" unique_id=903884804 instance=ExtResource("11_sl3aq")]
transform = Transform3D(0.9396926, 0, 0.34202012, 0, 1, 0, -0.34202012, 0, 0.9396926, -24, 0, 4)

[node name="@Node3D@30705" parent="CAIP" unique_id=1203836780 instance=ExtResource("11_sl3aq")]
transform = Transform3D(0.92718387, 0, 0.37460658, 0, 1, 0, -0.37460658, 0, 0.92718387, -54, 0, -21)

[node name="@Node3D@30706" parent="CAIP" unique_id=1056877512 instance=ExtResource("11_sl3aq")]
transform = Transform3D(0.7313537, 0, 0.6819984, 0, 1, 0, -0.6819984, 0, 0.7313537, -23, 0, -19)

[node name="@Node3D@30707" parent="CAIP" unique_id=55298552 instance=ExtResource("11_sl3aq")]
transform = Transform3D(0.37460664, 0, 0.92718387, 0, 1, 0, -0.92718387, 0, 0.37460664, -21, 0, -2)

[node name="@Node3D@30708" parent="CAIP" unique_id=1977023626 instance=ExtResource("11_sl3aq")]
transform = Transform3D(-0.9945219, 0, 0.104528494, 0, 1, 0, -0.104528494, 0, -0.9945219, -17, 0, -12)

[node name="@Node3D@30709" parent="CAIP" unique_id=518974119 instance=ExtResource("11_sl3aq")]
transform = Transform3D(0.9781476, 0, 0.2079117, 0, 1, 0, -0.2079117, 0, 0.9781476, -52, 0, 1)

[node name="@Node3D@30710" parent="CAIP" unique_id=613131904 instance=ExtResource("11_sl3aq")]
transform = Transform3D(0.9563048, 0, 0.2923717, 0, 1, 0, -0.2923717, 0, 0.9563048, -24, 0, 15)

[node name="@Node3D@30711" parent="CAIP" unique_id=1096029744 instance=ExtResource("11_sl3aq")]
transform = Transform3D(-0.46947157, 0, 0.88294756, 0, 1, 0, -0.88294756, 0, -0.46947157, -64, 0, 39)

[node name="@Node3D@30712" parent="CAIP" unique_id=1217668601 instance=ExtResource("11_sl3aq")]
transform = Transform3D(0.8660254, 0, 0.5, 0, 1, 0, -0.5, 0, 0.8660254, -22, 0, 10)

[node name="@Node3D@30713" parent="CAIP" unique_id=957099292 instance=ExtResource("11_sl3aq")]
transform = Transform3D(-0.99254614, 0, 0.12186928, 0, 1, 0, -0.12186928, 0, -0.99254614, -35, 0, 38)

[node name="@Node3D@30714" parent="CAIP" unique_id=963325187 instance=ExtResource("11_sl3aq")]
transform = Transform3D(0.5591929, 0, 0.82903755, 0, 1, 0, -0.82903755, 0, 0.5591929, -41, 0, 43)

[node name="@Node3D@30715" parent="CAIP" unique_id=846254602 instance=ExtResource("11_sl3aq")]
transform = Transform3D(0.10452842, 0, 0.9945219, 0, 1, 0, -0.9945219, 0, 0.10452842, -29, 0, 31)

[node name="@Node3D@30716" parent="CAIP" unique_id=715065508 instance=ExtResource("11_sl3aq")]
transform = Transform3D(0.15643449, 0, 0.98768836, 0, 1, 0, -0.98768836, 0, 0.15643449, -63, 0, 43)

[node name="@Node3D@30717" parent="CAIP" unique_id=819508735 instance=ExtResource("11_sl3aq")]
transform = Transform3D(-0.9396926, 0, 0.3420202, 0, 1, 0, -0.3420202, 0, -0.9396926, -45, 0, 49)

[node name="@Node3D@30718" parent="CAIP" unique_id=1947847906 instance=ExtResource("11_sl3aq")]
transform = Transform3D(0.89879405, 0, 0.43837115, 0, 1, 0, -0.43837115, 0, 0.89879405, -57, 0, 60)

[node name="@Node3D@30719" parent="CAIP" unique_id=1835787993 instance=ExtResource("11_sl3aq")]
transform = Transform3D(-0.6691307, 0, 0.7431448, 0, 1, 0, -0.7431448, 0, -0.6691307, -62, 0, 61)

[node name="@Node3D@30720" parent="CAIP" unique_id=259024489 instance=ExtResource("11_sl3aq")]
transform = Transform3D(-4.371139e-08, 0, 1, 0, 1, 0, -1, 0, -4.371139e-08, -42, 0, 91)

[node name="@Node3D@30721" parent="CAIP" unique_id=54635709 instance=ExtResource("11_sl3aq")]
transform = Transform3D(0.20791166, 0, 0.9781476, 0, 1, 0, -0.9781476, 0, 0.20791166, -26, 0, 73)

[node name="@Node3D@30722" parent="CAIP" unique_id=1694469328 instance=ExtResource("11_sl3aq")]
transform = Transform3D(-0.9563047, 0, 0.29237184, 0, 1, 0, -0.29237184, 0, -0.9563047, -19, 0, 91)

[node name="@Node3D@30723" parent="CAIP" unique_id=778914426 instance=ExtResource("11_sl3aq")]
transform = Transform3D(-0.034899462, 0, 0.99939084, 0, 1, 0, -0.99939084, 0, -0.034899462, -30, 0, 85)

[node name="@Node3D@30724" parent="CAIP" unique_id=1575040601 instance=ExtResource("11_sl3aq")]
transform = Transform3D(-0.9396926, 0, 0.3420202, 0, 1, 0, -0.3420202, 0, -0.9396926, -31, 0, 101)

[node name="@Node3D@30725" parent="CAIP" unique_id=937273460 instance=ExtResource("11_sl3aq")]
transform = Transform3D(0.9781476, 0, 0.2079117, 0, 1, 0, -0.2079117, 0, 0.9781476, -48, 0, 87)

[node name="@Node3D@30726" parent="CAIP" unique_id=1679687661 instance=ExtResource("11_sl3aq")]
transform = Transform3D(-0.92050487, 0, 0.39073116, 0, 1, 0, -0.39073116, 0, -0.92050487, -51, 0, -67)

[node name="@Node3D@30727" parent="CAIP" unique_id=930097695 instance=ExtResource("11_sl3aq")]
transform = Transform3D(-0.54463905, 0, 0.83867055, 0, 1, 0, -0.83867055, 0, -0.54463905, -40, 0, -59)

[node name="@Node3D@30728" parent="CAIP" unique_id=1940468442 instance=ExtResource("11_sl3aq")]
transform = Transform3D(-0.7431448, 0, 0.6691306, 0, 1, 0, -0.6691306, 0, -0.7431448, -23, 0, -49)

[node name="@Node3D@30729" parent="CAIP" unique_id=1227328669 instance=ExtResource("11_sl3aq")]
transform = Transform3D(0.8290376, 0, 0.5591929, 0, 1, 0, -0.5591929, 0, 0.8290376, -12, 0, -41)

[node name="@Node3D@30730" parent="CAIP" unique_id=639304787 instance=ExtResource("11_sl3aq")]
transform = Transform3D(0.88294756, 0, 0.46947157, 0, 1, 0, -0.46947157, 0, 0.88294756, -23, 0, -18)

[node name="@Node3D@30731" parent="CAIP" unique_id=1903137364 instance=ExtResource("11_sl3aq")]
transform = Transform3D(-0.7880108, 0, 0.61566144, 0, 1, 0, -0.61566144, 0, -0.7880108, -48, 0, -5)

[node name="@Node3D@30732" parent="CAIP" unique_id=1241271678 instance=ExtResource("11_sl3aq")]
transform = Transform3D(0.92050487, 0, 0.39073113, 0, 1, 0, -0.39073113, 0, 0.92050487, -24, 0, -17)

[node name="@Node3D@30733" parent="CAIP" unique_id=556864166 instance=ExtResource("11_sl3aq")]
transform = Transform3D(-0.05233594, 0, 0.9986295, 0, 1, 0, -0.9986295, 0, -0.05233594, -26, 0, -26)

[node name="@Node3D@30734" parent="CAIP" unique_id=1661317171 instance=ExtResource("11_sl3aq")]
transform = Transform3D(0.32556814, 0, 0.94551855, 0, 1, 0, -0.94551855, 0, 0.32556814, -13, 0, -1)

[node name="@Node3D@30735" parent="CAIP" unique_id=753603250 instance=ExtResource("11_sl3aq")]
transform = Transform3D(0.8571673, 0, 0.5150381, 0, 1, 0, -0.5150381, 0, 0.8571673, -53, 0, -2)

[node name="@Node3D@30736" parent="CAIP" unique_id=1184049921 instance=ExtResource("11_sl3aq")]
transform = Transform3D(0.62932044, 0, 0.7771459, 0, 1, 0, -0.7771459, 0, 0.62932044, -59, 0, 15)

[node name="@Node3D@30737" parent="CAIP" unique_id=178692776 instance=ExtResource("11_sl3aq")]
transform = Transform3D(0.70710677, 0, 0.70710677, 0, 1, 0, -0.70710677, 0, 0.70710677, -56, 0, -6)

[node name="@Node3D@30738" parent="CAIP" unique_id=1173945416 instance=ExtResource("11_sl3aq")]
transform = Transform3D(-0.42261833, 0, 0.90630776, 0, 1, 0, -0.90630776, 0, -0.42261833, -22, 0, -4)

[node name="@Node3D@30739" parent="CAIP" unique_id=1237869972 instance=ExtResource("11_sl3aq")]
transform = Transform3D(0.34202015, 0, 0.9396926, 0, 1, 0, -0.9396926, 0, 0.34202015, -57, 0, -6)

[node name="@Node3D@30740" parent="CAIP" unique_id=467258030 instance=ExtResource("11_sl3aq")]
transform = Transform3D(-0.76604444, 0, 0.64278764, 0, 1, 0, -0.64278764, 0, -0.76604444, -23, 0, 22)

[node name="@Node3D@30741" parent="CAIP" unique_id=864776680 instance=ExtResource("11_sl3aq")]
transform = Transform3D(-0.9986295, 0, 0.05233605, 0, 1, 0, -0.05233605, 0, -0.9986295, -15, 0, 9)

[node name="@Node3D@30742" parent="CAIP" unique_id=38002575 instance=ExtResource("11_sl3aq")]
transform = Transform3D(0.34202015, 0, 0.9396926, 0, 1, 0, -0.9396926, 0, 0.34202015, -55, 0, 15)

[node name="@Node3D@30743" parent="CAIP" unique_id=1796562982 instance=ExtResource("11_sl3aq")]
transform = Transform3D(-0.034899462, 0, 0.99939084, 0, 1, 0, -0.99939084, 0, -0.034899462, -53, 0, 26)

[node name="@Node3D@30744" parent="CAIP" unique_id=1449716908 instance=ExtResource("11_sl3aq")]
transform = Transform3D(-0.98162717, 0, 0.19080901, 0, 1, 0, -0.19080901, 0, -0.98162717, -53, 0, 35)

[node name="@Node3D@30745" parent="CAIP" unique_id=292009935 instance=ExtResource("11_sl3aq")]
transform = Transform3D(0.9781476, 0, 0.2079117, 0, 1, 0, -0.2079117, 0, 0.9781476, -52, 0, 53)

[node name="@Node3D@30746" parent="CAIP" unique_id=230463824 instance=ExtResource("11_sl3aq")]
transform = Transform3D(-0.06975648, 0, 0.9975641, 0, 1, 0, -0.9975641, 0, -0.06975648, -34, 0, 37)

[node name="@Node3D@30747" parent="CAIP" unique_id=1553948169 instance=ExtResource("11_sl3aq")]
transform = Transform3D(-0.06975648, 0, 0.9975641, 0, 1, 0, -0.9975641, 0, -0.06975648, -49, 0, 73)

[node name="@Node3D@30748" parent="CAIP" unique_id=20411991 instance=ExtResource("11_sl3aq")]
transform = Transform3D(0.17364822, 0, 0.9848077, 0, 1, 0, -0.9848077, 0, 0.17364822, -52, 0, 77)

[node name="@Node3D@30749" parent="CAIP" unique_id=264794647 instance=ExtResource("11_sl3aq")]
transform = Transform3D(0.99026805, 0, 0.1391731, 0, 1, 0, -0.1391731, 0, 0.99026805, -19, 0, 90)

[node name="@Node3D@30750" parent="CAIP" unique_id=739549908 instance=ExtResource("11_sl3aq")]
transform = Transform3D(-0.89879405, 0, 0.43837112, 0, 1, 0, -0.43837112, 0, -0.89879405, -32, 0, 49)

[node name="@Node3D@30751" parent="CAIP" unique_id=1528711068 instance=ExtResource("11_sl3aq")]
transform = Transform3D(0.76604444, 0, 0.6427876, 0, 1, 0, -0.6427876, 0, 0.76604444, -17, 0, 97)

[node name="@Node3D@30752" parent="CAIP" unique_id=252102882 instance=ExtResource("11_sl3aq")]
transform = Transform3D(-0.7880108, 0, 0.61566144, 0, 1, 0, -0.61566144, 0, -0.7880108, -18, 0, 62)

[node name="@Node3D@30753" parent="CAIP" unique_id=1146615704 instance=ExtResource("11_sl3aq")]
transform = Transform3D(-0.75470966, 0, 0.65605897, 0, 1, 0, -0.65605897, 0, -0.75470966, -20, 0, 70)

[node name="@Node3D@30754" parent="CAIP" unique_id=1233582171 instance=ExtResource("11_sl3aq")]
transform = Transform3D(0.37460664, 0, 0.92718387, 0, 1, 0, -0.92718387, 0, 0.37460664, -46, 0, 114)

[node name="@Node3D@30755" parent="CAIP" unique_id=984396572 instance=ExtResource("11_sl3aq")]
transform = Transform3D(0.9135454, 0, 0.40673664, 0, 1, 0, -0.40673664, 0, 0.9135454, -38, 0, 98)

[node name="@Node3D@30756" parent="CAIP" unique_id=1781334819 instance=ExtResource("11_sl3aq")]
transform = Transform3D(0.34202015, 0, 0.9396926, 0, 1, 0, -0.9396926, 0, 0.34202015, -6, 0, -48)

[node name="@Node3D@30757" parent="CAIP" unique_id=1707460392 instance=ExtResource("11_sl3aq")]
transform = Transform3D(0.99026805, 0, 0.1391731, 0, 1, 0, -0.1391731, 0, 0.99026805, -8, 0, -24)

[node name="@Node3D@30758" parent="CAIP" unique_id=766154451 instance=ExtResource("11_sl3aq")]
transform = Transform3D(-0.515038, 0, 0.8571673, 0, 1, 0, -0.8571673, 0, -0.515038, -30, 0, -53)

[node name="@Node3D@30759" parent="CAIP" unique_id=642513299 instance=ExtResource("11_sl3aq")]
transform = Transform3D(-0.13917308, 0, 0.99026805, 0, 1, 0, -0.99026805, 0, -0.13917308, -46, 0, -57)

[node name="@Node3D@30760" parent="CAIP" unique_id=448172442 instance=ExtResource("11_sl3aq")]
transform = Transform3D(-0.9659258, 0, 0.25881913, 0, 1, 0, -0.25881913, 0, -0.9659258, -44, 0, -52)

[node name="@Node3D@30761" parent="CAIP" unique_id=649059852 instance=ExtResource("11_sl3aq")]
transform = Transform3D(0.7313537, 0, 0.6819984, 0, 1, 0, -0.6819984, 0, 0.7313537, -29, 0, -26)

[node name="@Node3D@30762" parent="CAIP" unique_id=898448058 instance=ExtResource("11_sl3aq")]
transform = Transform3D(0.35836798, 0, 0.9335804, 0, 1, 0, -0.9335804, 0, 0.35836798, -22, 0, -34)

[node name="@Node3D@30763" parent="CAIP" unique_id=851372725 instance=ExtResource("11_sl3aq")]
transform = Transform3D(0.10452842, 0, 0.9945219, 0, 1, 0, -0.9945219, 0, 0.10452842, -22, 0, -15)

[node name="@Node3D@30764" parent="CAIP" unique_id=1867696271 instance=ExtResource("11_sl3aq")]
transform = Transform3D(0.22495104, 0, 0.97437006, 0, 1, 0, -0.97437006, 0, 0.22495104, -52, 0, -3)

[node name="@Node3D@30765" parent="CAIP" unique_id=1905348306 instance=ExtResource("11_sl3aq")]
transform = Transform3D(-0.20791163, 0, 0.9781476, 0, 1, 0, -0.9781476, 0, -0.20791163, -37, 0, -24)

[node name="@Node3D@30766" parent="CAIP" unique_id=41372042 instance=ExtResource("11_sl3aq")]
transform = Transform3D(0.62932044, 0, 0.7771459, 0, 1, 0, -0.7771459, 0, 0.62932044, -32, 0, -21)

[node name="@Node3D@30767" parent="CAIP" unique_id=1293108568 instance=ExtResource("11_sl3aq")]
transform = Transform3D(0.92050487, 0, 0.39073113, 0, 1, 0, -0.39073113, 0, 0.92050487, -35, 0, 3)

[node name="@Node3D@30768" parent="CAIP" unique_id=1253700197 instance=ExtResource("11_sl3aq")]
transform = Transform3D(0.6156615, 0, 0.7880107, 0, 1, 0, -0.7880107, 0, 0.6156615, -27, 0, -8)

[node name="@Node3D@30769" parent="CAIP" unique_id=1941572159 instance=ExtResource("11_sl3aq")]
transform = Transform3D(-0.70710677, 0, 0.70710677, 0, 1, 0, -0.70710677, 0, -0.70710677, -26, 0, 29)

[node name="@Node3D@30770" parent="CAIP" unique_id=1138192811 instance=ExtResource("11_sl3aq")]
transform = Transform3D(-0.80901706, 0, 0.5877852, 0, 1, 0, -0.5877852, 0, -0.80901706, -29, 0, 6)

[node name="@Node3D@30771" parent="CAIP" unique_id=1334452333 instance=ExtResource("11_sl3aq")]
transform = Transform3D(0.9396926, 0, 0.34202012, 0, 1, 0, -0.34202012, 0, 0.9396926, -20, 0, 32)

[node name="@Node3D@30772" parent="CAIP" unique_id=1255052569 instance=ExtResource("11_sl3aq")]
transform = Transform3D(-0.10452851, 0, 0.9945219, 0, 1, 0, -0.9945219, 0, -0.10452851, -9, 0, 46)

[node name="@Node3D@30773" parent="CAIP" unique_id=631445469 instance=ExtResource("11_sl3aq")]
transform = Transform3D(-0.81915206, 0, 0.57357645, 0, 1, 0, -0.57357645, 0, -0.81915206, -24, 0, 51)

[node name="@Node3D@30774" parent="CAIP" unique_id=1254801374 instance=ExtResource("11_sl3aq")]
transform = Transform3D(0.9848077, 0, 0.17364818, 0, 1, 0, -0.17364818, 0, 0.9848077, -9, 0, 22)

[node name="@Node3D@30775" parent="CAIP" unique_id=285477227 instance=ExtResource("11_sl3aq")]
transform = Transform3D(0.3907312, 0, 0.9205048, 0, 1, 0, -0.9205048, 0, 0.3907312, -20, 0, 61)

[node name="@Node3D@30776" parent="CAIP" unique_id=846054178 instance=ExtResource("11_sl3aq")]
transform = Transform3D(0.10452842, 0, 0.9945219, 0, 1, 0, -0.9945219, 0, 0.10452842, -18, 0, 75)

[node name="@Node3D@30777" parent="CAIP" unique_id=1024883225 instance=ExtResource("11_sl3aq")]
transform = Transform3D(0.052335974, 0, 0.9986295, 0, 1, 0, -0.9986295, 0, 0.052335974, -17, 0, 45)

[node name="@Node3D@30778" parent="CAIP" unique_id=468019750 instance=ExtResource("11_sl3aq")]
transform = Transform3D(-0.9945219, 0, 0.104528494, 0, 1, 0, -0.104528494, 0, -0.9945219, -51, 0, 68)

[node name="@Node3D@30779" parent="CAIP" unique_id=703014584 instance=ExtResource("11_sl3aq")]
transform = Transform3D(-0.35836795, 0, 0.93358046, 0, 1, 0, -0.93358046, 0, -0.35836795, -8, 0, 82)

[node name="@Node3D@30780" parent="CAIP" unique_id=2066374886 instance=ExtResource("11_sl3aq")]
transform = Transform3D(-0.73135376, 0, 0.6819983, 0, 1, 0, -0.6819983, 0, -0.73135376, -20, 0, 80)

[node name="@Node3D@30781" parent="CAIP" unique_id=992235162 instance=ExtResource("11_sl3aq")]
transform = Transform3D(0.19080906, 0, 0.98162717, 0, 1, 0, -0.98162717, 0, 0.19080906, -28, 0, 53)

[node name="@Node3D@30782" parent="CAIP" unique_id=222351502 instance=ExtResource("11_sl3aq")]
transform = Transform3D(0.20791166, 0, 0.9781476, 0, 1, 0, -0.9781476, 0, 0.20791166, -35, 0, 89)

[node name="@Node3D@30783" parent="CAIP" unique_id=1390779739 instance=ExtResource("11_sl3aq")]
transform = Transform3D(0.4067366, 0, 0.9135455, 0, 1, 0, -0.9135455, 0, 0.4067366, -50, 0, 105)

[node name="@Node3D@30784" parent="CAIP" unique_id=1569673975 instance=ExtResource("11_sl3aq")]
transform = Transform3D(0.35836798, 0, 0.9335804, 0, 1, 0, -0.9335804, 0, 0.35836798, -18, 0, 78)

[node name="@Node3D@30785" parent="CAIP" unique_id=1201746549 instance=ExtResource("11_sl3aq")]
transform = Transform3D(0.25881907, 0, 0.9659258, 0, 1, 0, -0.9659258, 0, 0.25881907, -50, 0, 99)

[node name="@Node3D@30786" parent="CAIP" unique_id=1784138530 instance=ExtResource("11_sl3aq")]
transform = Transform3D(0.34202015, 0, 0.9396926, 0, 1, 0, -0.9396926, 0, 0.34202015, -46, 0, -45)

[node name="@Node3D@30787" parent="CAIP" unique_id=1886421962 instance=ExtResource("11_sl3aq")]
transform = Transform3D(0.15643449, 0, 0.98768836, 0, 1, 0, -0.98768836, 0, 0.15643449, -9, 0, -61)

[node name="@Node3D@30788" parent="CAIP" unique_id=1077485141 instance=ExtResource("11_sl3aq")]
transform = Transform3D(0.99939084, 0, 0.034899496, 0, 1, 0, -0.034899496, 0, 0.99939084, -24, 0, -27)

[node name="@Node3D@30789" parent="CAIP" unique_id=2143047914 instance=ExtResource("11_sl3aq")]
transform = Transform3D(-0.24192187, 0, 0.9702957, 0, 1, 0, -0.9702957, 0, -0.24192187, 0, 0, -41)

[node name="@Node3D@30790" parent="CAIP" unique_id=548318557 instance=ExtResource("11_sl3aq")]
transform = Transform3D(0.9702957, 0, 0.2419219, 0, 1, 0, -0.2419219, 0, 0.9702957, -31, 0, -33)

[node name="@Node3D@30791" parent="CAIP" unique_id=381877594 instance=ExtResource("11_sl3aq")]
transform = Transform3D(0.9135454, 0, 0.40673664, 0, 1, 0, -0.40673664, 0, 0.9135454, -26, 0, -40)

[node name="@Node3D@30792" parent="CAIP" unique_id=737598790 instance=ExtResource("11_sl3aq")]
transform = Transform3D(0.79863554, 0, 0.601815, 0, 1, 0, -0.601815, 0, 0.79863554, -19, 0, -23)

[node name="@Node3D@30793" parent="CAIP" unique_id=682128029 instance=ExtResource("11_sl3aq")]
transform = Transform3D(-0.06975648, 0, 0.9975641, 0, 1, 0, -0.9975641, 0, -0.06975648, -7, 0, -28)

[node name="@Node3D@30794" parent="CAIP" unique_id=2087813537 instance=ExtResource("11_sl3aq")]
transform = Transform3D(0.3907312, 0, 0.9205048, 0, 1, 0, -0.9205048, 0, 0.3907312, -28, 0, -9)

[node name="@Node3D@30795" parent="CAIP" unique_id=1165386801 instance=ExtResource("11_sl3aq")]
transform = Transform3D(0.70710677, 0, 0.70710677, 0, 1, 0, -0.70710677, 0, 0.70710677, -8, 0, -3)

[node name="@Node3D@30796" parent="CAIP" unique_id=1276265709 instance=ExtResource("11_sl3aq")]
transform = Transform3D(-0.84804803, 0, 0.5299193, 0, 1, 0, -0.5299193, 0, -0.84804803, -16, 0, 15)

[node name="@Node3D@30797" parent="CAIP" unique_id=823595702 instance=ExtResource("11_sl3aq")]
transform = Transform3D(-0.8660254, 0, 0.50000006, 0, 1, 0, -0.50000006, 0, -0.8660254, -16, 0, 26)

[node name="@Node3D@30798" parent="CAIP" unique_id=1451292597 instance=ExtResource("11_sl3aq")]
transform = Transform3D(0.54463905, 0, 0.83867055, 0, 1, 0, -0.83867055, 0, 0.54463905, -11, 0, 22)

[node name="@Node3D@30799" parent="CAIP" unique_id=381113041 instance=ExtResource("11_sl3aq")]
transform = Transform3D(-0.515038, 0, 0.8571673, 0, 1, 0, -0.8571673, 0, -0.515038, -19, 0, 15)

[node name="@Node3D@30800" parent="CAIP" unique_id=1151322099 instance=ExtResource("11_sl3aq")]
transform = Transform3D(-0.27563736, 0, 0.9612617, 0, 1, 0, -0.9612617, 0, -0.27563736, -24, 0, -4)

[node name="@Node3D@30801" parent="CAIP" unique_id=2134693461 instance=ExtResource("11_sl3aq")]
transform = Transform3D(0.9396926, 0, 0.34202012, 0, 1, 0, -0.34202012, 0, 0.9396926, -13, 0, 21)

[node name="@Node3D@30802" parent="CAIP" unique_id=1865370356 instance=ExtResource("11_sl3aq")]
transform = Transform3D(0.809017, 0, 0.58778524, 0, 1, 0, -0.58778524, 0, 0.809017, -46, 0, 31)

[node name="@Node3D@30803" parent="CAIP" unique_id=2011733477 instance=ExtResource("11_sl3aq")]
transform = Transform3D(-0.224951, 0, 0.97437006, 0, 1, 0, -0.97437006, 0, -0.224951, -44, 0, 51)

[node name="@Node3D@30804" parent="CAIP" unique_id=1844130160 instance=ExtResource("11_sl3aq")]
transform = Transform3D(-0.13917308, 0, 0.99026805, 0, 1, 0, -0.99026805, 0, -0.13917308, 0, 0, 48)

[node name="@Node3D@30805" parent="CAIP" unique_id=1358749584 instance=ExtResource("11_sl3aq")]
transform = Transform3D(-0.8290375, 0, 0.559193, 0, 1, 0, -0.559193, 0, -0.8290375, -41, 0, 60)

[node name="@Node3D@30806" parent="CAIP" unique_id=1469713950 instance=ExtResource("11_sl3aq")]
